-0.012968
0.009076
0.018571
0.028745
0.036550
0.041798
0.044381
0.044289
0.041621
0.036572
0.029426
0.020546
0.010349
-0.000704
-0.012136
-0.023470
-0.034249
-0.044057
-0.052532
-0.059380
-0.064387
-0.067421
-0.068441
-0.067488
-0.064685
-0.060227
-0.054370
-0.047418
-0.039708
-0.031595
-0.023434
-0.015564
-0.008299
-0.001909
0.003385
0.007421
0.010101
0.011391
0.011318
0.009970
0.007486
0.004047
-0.000133
-0.004819
-0.009768
-0.014740
-0.019509
-0.023876
-0.027671
-0.030767
-0.033079
-0.034568
-0.035241
-0.035144
-0.034364
-0.033015
-0.031237
-0.029181
-0.027004
-0.024857
-0.022879
-0.021186
-0.019868
-0.018984
-0.018557
-0.018577
-0.018999
-0.019750
-0.020731
-0.021826
-0.022909
-0.023851
-0.024532
-0.024843
-0.024702
-0.024051
-0.022869
-0.021169
-0.019000
-0.016449
-0.013634
-0.010699
-0.007809
-0.005139
-0.002868
-0.001164
-0.000180
-0.000039
-0.000830
-0.002600
-0.005347
-0.009019
-0.013514
-0.018682
-0.024331
-0.030230
-0.036122
-0.041737
-0.046799
-0.051042
-0.054223
-0.056135
-0.056616
-0.055563
-0.052936
-0.048764
-0.043148
-0.036257
-0.028326
-0.019646
-0.010556
-0.001427
0.007351
0.015386
0.022303
0.027759
0.031460
0.033177
0.032756
0.030129
0.025322
0.018453
0.009732
-0.000542
-0.011996
-0.024194
-0.036650
-0.048855
-0.060292
-0.070459
-0.078891
-0.085182
-0.089004
-0.090120
-0.088401
-0.083832
-0.076517
-0.066677
-0.054644
-0.040853
-0.025822
-0.010135
0.005579
0.020677
0.034519
0.046506
0.056096
0.062834
0.066372
0.066484
0.063082
0.056217
0.046089
0.033032
0.017513
0.000106
-0.018519
-0.037631
-0.056460
-0.074232
-0.090199
-0.103670
-0.114042
-0.120827
-0.123673
-0.122382
-0.116920
-0.107424
-0.094199
-0.077708
-0.058556
-0.037469
-0.015266
0.007173
0.028941
0.049141
0.066925
0.081525
0.092292
0.098718
0.100465
0.097377
0.089494
0.077051
0.060473
0.040359
0.017463
-0.007334
-0.033061
-0.058693
-0.083191
-0.105544
-0.124813
-0.140170
-0.150930
-0.156585
-0.156826
-0.151557
-0.140908
-0.125223
-0.105061
-0.081168
-0.054451
-0.025949
0.003215
0.031873
0.058861
0.083065
0.103468
0.119192
0.129536
0.134006
0.132341
0.124522
0.110778
0.091583
0.067636
0.039839
0.009259
-0.022907
-0.055384
-0.086868
-0.116077
-0.141803
-0.162966
-0.178655
-0.188167
-0.191041
-0.187077
-0.176349
-0.159205
-0.136255
-0.108353
-0.076561
-0.042111
-0.006357
0.029276
0.063353
0.094485
0.121384
0.142918
0.158159
0.166419
0.167287
0.160642
0.146666
0.125839
0.098920
0.066925
0.031082
-0.007210
-0.046438
-0.085035
-0.121443
-0.154174
-0.181873
-0.203373
-0.217744
-0.224332
-0.222791
-0.213096
-0.195553
-0.170785
-0.139711
-0.103516
-0.063602
-0.021533
0.021022
0.062358
0.100804
0.134786
0.162895
0.183944
0.197019
0.201517
0.197172
0.184075
0.162667
0.133727
0.098345
0.057880
0.013909
-0.031835
-0.077535
-0.121355
-0.161518
-0.196379
-0.224490
-0.244661
-0.256011
-0.258003
-0.250474
-0.233640
-0.208092
-0.174778
-0.134967
-0.090197
-0.042222
0.007063
0.055691
0.101707
0.143241
0.178589
0.206282
0.225141
0.234337
0.233417
0.222335
0.201450
0.171516
0.133659
0.089331
0.040257
-0.011635
-0.064287
-0.115595
-0.163490
-0.206025
-0.241451
-0.268291
-0.285400
-0.292015
-0.287788
-0.272802
-0.247574
-0.213035
-0.170496
-0.121601
-0.068259
-0.012574
0.043239
0.096945
0.146376
0.189519
0.224596
0.250141
0.265060
0.268675
0.260756
0.241536
0.211700
0.172367
0.125042
0.071563
0.014028
-0.045288
-0.104022
-0.159815
-0.210412
-0.253750
-0.288039
-0.311842
-0.324131
-0.324333
-0.312354
-0.288590
-0.253909
-0.209625
-0.157444
-0.099403
-0.037785
0.024967
0.086346
0.143887
0.195257
0.238358
0.271409
0.293018
0.302243
0.298632
0.282244
0.253650
0.213916
0.164557
0.107488
0.044942
-0.020611
-0.086566
-0.150286
-0.209206
-0.260934
-0.303354
-0.334708
-0.353670
-0.359403
-0.351592
-0.330465
-0.296784
-0.251818
-0.197296
-0.135341
-0.068388
0.000916
0.069810
0.135535
0.195440
0.247091
0.288371
0.317565
0.333431
0.335252
0.322872
0.296700
0.257701
0.207360
0.147622
0.080823
0.009595
-0.063239
-0.134773
-0.202137
-0.262610
-0.313733
-0.353406
-0.379973
-0.392297
-0.389801
-0.372501
-0.341003
-0.296487
-0.240660
-0.175690
-0.104126
-0.028793
0.047315
0.121158
0.189769
0.000000
0.000000
0.000000
0.000000
0.000000
0.000000
0.000000
0.000000
0.000000
0.000000
0.000000
0.000000
0.000000
0.000000
0.000000
0.000000
0.000000
0.000000
0.000000
0.000000
0.000000
0.000000
0.000000
0.000000
0.000000
0.000000
0.000000
0.000000
0.000000
0.000000
0.000000
0.000000
0.000000
0.000000
0.000000
0.000000
0.000000
0.000000
0.000000
0.000000
0.000000
0.000000
0.000000
0.000000
0.000000
0.000000
0.000000
0.000000
0.000000
0.000000
0.000000
0.000000
0.000000
0.000000
0.000000
0.000000
0.000000
0.000000
0.000000
0.000000
0.000000
0.000000
0.000000
0.000000
0.000000
0.000000
0.000000
0.000000
0.000000
0.000000
0.000000
0.000000
0.000000
0.000000
