-6.247873
-5.004446
9.571725
-3.182049
3.607798
-0.114943
1.855607
-0.119889
3.415029
-3.830832
12.107956
-14.202951
24.158846
19.426696
0.291213
-3.361799
-1.731294
-0.971888
-0.818820
-0.747699
-0.692730
-0.661301
-0.651467
-0.660651
-0.689022
-0.739643
-0.819724
-0.937900
-1.083655
-1.276272
-2.040571
-4.566062
-6.301845
3.347940
20.566436
12.323150
-7.499834
8.707699
12.390100
-7.156410
7.626526
22.224409
6.742085
-7.765499
-7.644084
-3.720062
-2.034940
-1.719731
-1.590984
-1.450639
-1.346443
-1.287801
-1.264034
-1.268048
-1.297051
-1.350102
-1.427041
-1.527822
-1.651630
-1.795594
-1.953119
-2.112328
-2.255864
-2.363684
-2.419137
-2.415596
-2.359272
-2.266186
-2.155732
-2.045083
-1.946727
-1.868726
-1.816194
-1.792735
-1.801134
-1.845106
-1.939900
-2.129308
-2.424626
-2.539091
-1.970484
-2.258983
-9.888152
-27.502646
-31.388415
15.385287
89.618750
105.033169
42.317612
-17.701743
-26.158131
-11.057227
-2.452138
-1.401584
-1.668063
-1.505764
-1.242993
-1.064353
-0.950188
-0.872707
-0.822022
-0.794165
-0.787332
-0.801971
-0.841761
-0.913541
-1.017190
-1.149714
-1.539978
-3.076438
-5.297507
-1.202119
10.667548
5.082702
-5.203465
11.339607
-10.214227
16.817016
-21.770948
37.749872
-53.083538
64.951766
-47.958890
-81.662869
-23.682465
0.788428
0.555637
-0.815623
-0.799486
-0.640092
-0.563313
-0.523040
-0.501126
-0.494932
-0.504374
-0.531666
-0.583614
-0.667178
-0.749067
-0.865503
-2.310493
-7.644138
-8.352894
8.610227
-2.139801
2.220064
0.390119
0.838943
0.645532
0.663132
0.787883
0.549207
1.778788
-0.721016
6.493369
-1.660374
-3.066980
-1.418557
-0.750427
-0.582976
-0.492568
-0.430035
-0.391046
-0.369221
-0.360777
-0.364508
-0.381291
-0.416056
-0.480428
-0.535426
-0.353566
-1.136288
-11.022494
-25.230853
10.726315
-2.832568
1.627364
0.306254
0.540799
0.441220
0.449710
0.454572
0.525540
0.489096
1.156776
-0.161193
5.663987
-0.853829
-1.718280
-0.848022
-0.520741
-0.417233
-0.356842
-0.318209
-0.295626
-0.285007
-0.284564
-0.294371
-0.316558
-0.356579
-0.418055
-0.481066
-0.787580
-3.183226
-7.006675
3.808436
-0.133605
0.735844
0.392830
0.383877
0.344469
0.332853
0.346086
0.318677
0.639479
-0.571733
6.253138
-15.309430
73.189724
16.175916
-2.273086
-1.142541
-0.382825
-0.301793
-0.273093
-0.249922
-0.237213
-0.233644
-0.238565
-0.252999
-0.280092
-0.325232
-0.396371
-0.589120
-1.421251
-2.302220
2.738359
0.282368
0.568762
0.354271
0.316505
0.282589
0.268911
0.267494
0.278277
0.307895
0.343892
0.532524
0.300901
2.504649
-2.235833
-1.282551
-0.525190
-0.354710
-0.287776
-0.245217
-0.219404
-0.204989
-0.198996
-0.200364
-0.209436
-0.228102
-0.260207
-0.314116
-0.448524
-0.878062
-0.761648
3.829267
0.222322
0.570014
0.316482
0.278369
0.242936
0.227121
0.221921
0.227053
0.242133
0.283959
0.292151
0.786282
-0.404444
8.495256
0.312980
-0.799464
-0.404723
-0.272392
-0.226221
-0.198742
-0.182445
-0.174384
-0.173040
-0.178201
-0.190994
-0.215755
-0.257376
-0.218462
-0.015031
-5.122887
-28.201742
5.067222
-0.804680
0.474897
0.223353
0.220365
0.198203
0.190892
0.191597
0.201136
0.222969
0.257174
0.369289
0.309566
1.723456
-1.907489
-0.894502
-0.377725
-0.266374
-0.215961
-0.184782
-0.166364
-0.156430
-0.152899
-0.155135
-0.163620
-0.180223
-0.208937
-0.255879
-0.357799
-0.836325
-1.856728
1.568679
0.299198
0.333285
0.233405
0.199825
0.178775
0.168710
0.166415
0.171568
0.184827
0.215928
0.235819
0.594334
-0.275805
8.267306
0.217801
-0.606651
-0.300682
-0.209609
-0.175405
-0.154950
-0.143168
-0.137756
-0.137669
-0.142929
-0.154648
-0.175463
-0.210795
-0.288065
-0.542767
-0.607266
2.844908
0.265052
0.368425
0.224570
0.188804
0.164749
0.152614
0.147922
0.149726
0.158438
0.176782
0.207573
0.292385
0.296103
1.407423
-1.340208
-0.628160
-0.291751
-0.210144
-0.170734
-0.147111
-0.133380
-0.126252
-0.124244
-0.126994
-0.135080
-0.150425
-0.177198
-0.213979
-0.263649
-1.169921
-5.637147
1.328374
0.140119
0.249605
0.178542
0.155440
0.140779
0.134086
0.133333
0.138665
0.149377
0.189709
0.114759
1.425496
-3.758221
44.396408
3.857358
-1.016656
-0.302515
-0.164392
-0.141335
-0.126336
-0.117518
-0.113830
-0.114557
-0.119859
-0.130888
-0.150343
-0.183439
-0.250597
-0.506657
-1.050207
1.277025
0.277656
0.251110
0.177786
0.149121
0.132259
0.123648
0.120847
0.123259
0.131455
0.147859
0.176034
0.249606
0.277731
1.329253
-0.903703
-0.460760
-0.233865
-0.171080
-0.139875
-0.121497
-0.110956
-0.105738
-0.104763
-0.107863
-0.115693
-0.129997
-0.154442
-0.208113
-0.390219
-0.219824
4.373697
0.118841
0.327535
0.175487
0.146570
0.126276
0.115831
0.111222
0.111470
0.116627
0.128173
0.147422
0.200245
0.130475
1.048259
-5.468415
-0.931087
-0.204859
-0.171914
-0.140460
-0.118694
-0.106204
-0.099493
-0.097025
-0.098323
-0.103668
-0.114252
-0.132849
-0.164117
-0.223149
-0.539903
-1.784433
0.838502
0.215269
0.194469
0.144541
0.122695
0.110088
0.103821
0.102260
0.105079
0.112964
0.127951
0.156145
0.201047
0.357626
